1c1
< 0, 3, 28155, 150, -1, 0, 0,
---
> 0, 3, 28274, 150, -1, 0, 0,
2508c2508
< 27, 0, 1, 0, 76, 102, 0,
---
> 27, 0, 1, 0, 77, 102, 0,
2532a2533
> 6, 1, 0, 0, 97, 0, 0,
2583c2584
< 20, 0, 0, 0, 147, 0, 0,
---
> 20, 0, 0, 0, 148, 0, 0,
2728a2730
> 6, 1, 0, 0, 97, 0, 0,
2798a2801,2802
> 2, 1, 1, 0, 97, 104, 0,
> 5, 1, 0, 0, 97, 0, 0,
3001a3006,3014
> 2, 1, 1, 0, 100, 97, 0,
> 29, 0, 1, 0, 3, 100, 0,
> 2, 1, 0, 0, 101, 0, 0,
> 20, 0, 0, 0, 2, 0, 0,
> 2, 1, 0, 0, 101, 1, 0,
> 27, 0, 1, 0, 4, 101, 0,
> 49, 0, 0, 0, 0, 115, 0,
> 19, 2, 0, 0, 0, 0, 0,
> 20, 0, 0, 0, 1, 0, 0,
3480,3488c3493,3504
< -51451, 2, 10000, 125, 4, 10001, 11010,
< 1, 11300, 1, 1, 2, 2, 10500,
< 2, 9999, 10600, 10700, 10200, 3, 0,
< 11300, 0, 3, 3, 2, 10500, 2,
< 10200, 4, 1, 11500, 103, 9999, 10600,
< 10700, 11300, 0, 3, 4, 2, 10500,
< 2, 10200, 4, 1, 11150, 4, 11500,
< 302, 11450, 1, 99, 9999, 10600, 10700,
< 10200, 4, 1, 11501, 4, 9999, -77142,
---
> -51451, 2, 10000, 125, 4, 10001, 10115,
> 1, 97, 11300, 2, 1, 0, 2,
> 10500, 2, 11500, 115, 9999, 10600, 10700,
> 11010, 1, 11300, 1, 1, 2, 2,
> 10500, 2, 9999, 10600, 10700, 10200, 3,
> 0, 11300, 0, 3, 3, 2, 10500,
> 2, 10200, 4, 1, 11500, 103, 9999,
> 10600, 10700, 11300, 0, 3, 4, 2,
> 10500, 2, 10200, 4, 1, 11150, 4,
> 11500, 302, 11450, 1, 99, 9999, 10600,
> 10700, 10200, 4, 1, 11501, 4, 9999,
> -77142, 0, 0, 0, 0, 0, 0,
3581,3582c3597,3598
< 11250, 6, 11400, 1, 99, 2, 9999,
< -77142, 0, 0, 0, 0, 0, 0,
---
> 11250, 6, 11400, 1, 99, 2, 10114,
> 97, 5, 11450, 0, 97, 9999, -77142,
3594,3596c3610,3615
< 1, 99, 11453, 1, 10210, 1, 10101,
< 1, 46, 11451, 0, 1, 10101, 1,
< 0, 11451, 0, 1, 10111, 1, 3,
---
> 1, 99, 11453, 1, 11450, 1, 97,
> 10210, 1, 10101, 1, 46, 11451, 0,
> 1, 10101, 1, 0, 11451, 0, 1,
> 10111, 1, 3, 11451, 0, 1, 10101,
> 1, 0, 11451, 0, 1, 10101, 1,
> 0, 11451, 0, 1, 10101, 1, 0,
3598c3617,3622
< 0, 1, 10101, 1, 0, 11451, 0,
---
> 0, 1, 10110, 5, 1, 11402, 0,
> 5, 5, 11350, 0, 5, 2, 6,
> 11451, 1, 6, 10500, 6, 10113, 1,
> 5, 11451, 0, 1, 11451, 0, 5,
> 11350, 0, 5, 2, 6, 11451, 1,
> 6, 10800, 10101, 1, 46, 11451, 0,
3600,3607c3624,3626
< 10101, 1, 0, 11451, 0, 1, 10110,
< 5, 1, 11402, 0, 5, 5, 11350,
< 0, 5, 2, 6, 11451, 1, 6,
< 10500, 6, 10113, 1, 5, 11451, 0,
< 1, 11451, 0, 5, 11350, 0, 5,
< 2, 6, 11451, 1, 6, 10800, 10101,
< 1, 46, 11451, 0, 1, 10101, 1,
< 0, 11451, 0, 1, 10111, 1, 3,
---
> 10111, 1, 3, 11451, 0, 1, 10101,
> 1, 0, 11451, 0, 1, 10101, 1,
> 0, 11451, 0, 1, 10101, 1, 0,
3610,3661c3629,3678
< 1, 10101, 1, 0, 11451, 0, 1,
< 10101, 1, 0, 11451, 0, 1, 10101,
< 1, 0, 11451, 0, 1, 11250, 1,
< 11400, 1, 99, 3, 10600, 11300, 0,
< 3, -1, 9, 10500, 9, 9999, 10600,
< 10700, 11150, 1, 11150, 2, 11500, 301,
< 10211, 10, 10211, 2, 10211, 1, 11300,
< 0, 10, -1, 9, 10500, 9, 9999,
< 10600, 10700, 11450, 1, 99, 10210, 2,
< 10210, 7, 11450, 1, 99, 10210, 1,
< 11451, 1, 1, 11451, 1, 2, 11403,
< 1, 7, 1, 10100, 3, -7, 10100,
< 9, 1, 10500, 9, 11402, 0, 3,
< 7, 10150, 5, 3, 11300, 0, 5,
< 46, 6, 10500, 6, 11402, 0, 3,
< 2, 10150, 5, 3, 11300, 0, 5,
< -1, 9, 11451, 1, 9, 11402, 1,
< 3, 2, 10600, 10700, 10800, 10110, 4,
< 3, 10100, 9, 1, 10500, 9, 11402,
< 0, 4, 7, 10150, 5, 4, 11300,
< 0, 5, 46, 6, 10500, 6, 11402,
< 0, 4, 2, 10150, 5, 4, 11300,
< 0, 5, -1, 9, 11451, 1, 9,
< 11402, 1, 4, 2, 10600, 10700, 10800,
< 11402, 0, 4, 6, 10110, 8, 4,
< 11403, 1, 8, 3, 11451, 0, 8,
< 11402, 0, 7, 21, 11403, 0, 7,
< 8, 11001, 7, 10100, 6, 0, 10100,
< 5, -130662, 10250, 6, 5, 11402, 0,
< 6, 2, 10100, 5, 3, 10250, 6,
< 5, 11451, 0, 6, 10250, 6, 7,
< 11451, 0, 6, 10100, 5, 150, 10250,
< 6, 5, 11451, 0, 6, 10100, 5,
< -1, 10250, 6, 5, 11402, 0, 6,
< 3, 10100, 5, 19, 10250, 6, 5,
< 11402, 0, 6, 4, 10100, 5, 36,
< 10250, 6, 5, 11402, 0, 6, 3,
< 11403, 1, 7, 8, 11402, 1, 7,
< 21, 10110, 7, 1, 11350, 0, 7,
< 2, 5, 11451, 1, 5, 10500, 5,
< 10112, 5, 7, 10250, 6, 5, 11451,
< 0, 7, 11451, 0, 6, 11350, 0,
< 7, 2, 5, 11451, 1, 5, 10800,
< 10110, 7, 3, 11350, 0, 7, 4,
< 5, 11451, 1, 5, 10500, 5, 10150,
< 5, 7, 10250, 6, 5, 11451, 0,
< 7, 11451, 0, 6, 11350, 0, 7,
< 4, 5, 11451, 1, 5, 10800, 11451,
< 0, 6, 10100, 5, 46, 10250, 6,
< 5, 11451, 0, 6, 10100, 5, -1,
< 10250, 6, 5, 13200, 9, 10, 11453,
< 1, 9999, 10700, 9999, -77142, 0, 0,
---
> 1, 11250, 1, 11400, 1, 99, 3,
> 10600, 11300, 0, 3, -1, 9, 10500,
> 9, 9999, 10600, 10700, 11150, 1, 11150,
> 2, 11500, 301, 10211, 10, 10211, 2,
> 10211, 1, 11300, 0, 10, -1, 9,
> 10500, 9, 9999, 10600, 10700, 11450, 1,
> 99, 10210, 2, 10210, 7, 11450, 1,
> 99, 10210, 1, 11451, 1, 1, 11451,
> 1, 2, 11403, 1, 7, 1, 10100,
> 3, -7, 10100, 9, 1, 10500, 9,
> 11402, 0, 3, 7, 10150, 5, 3,
> 11300, 0, 5, 46, 6, 10500, 6,
> 11402, 0, 3, 2, 10150, 5, 3,
> 11300, 0, 5, -1, 9, 11451, 1,
> 9, 11402, 1, 3, 2, 10600, 10700,
> 10800, 10110, 4, 3, 10100, 9, 1,
> 10500, 9, 11402, 0, 4, 7, 10150,
> 5, 4, 11300, 0, 5, 46, 6,
> 10500, 6, 11402, 0, 4, 2, 10150,
> 5, 4, 11300, 0, 5, -1, 9,
> 11451, 1, 9, 11402, 1, 4, 2,
> 10600, 10700, 10800, 11402, 0, 4, 6,
> 10110, 8, 4, 11403, 1, 8, 3,
> 11451, 0, 8, 11402, 0, 7, 21,
> 11403, 0, 7, 8, 11001, 7, 10100,
> 6, 0, 10100, 5, -130662, 10250, 6,
> 5, 11402, 0, 6, 2, 10100, 5,
> 3, 10250, 6, 5, 11451, 0, 6,
> 10250, 6, 7, 11451, 0, 6, 10100,
> 5, 150, 10250, 6, 5, 11451, 0,
> 6, 10100, 5, -1, 10250, 6, 5,
> 11402, 0, 6, 3, 10100, 5, 19,
> 10250, 6, 5, 11402, 0, 6, 4,
> 10100, 5, 36, 10250, 6, 5, 11402,
> 0, 6, 3, 11403, 1, 7, 8,
> 11402, 1, 7, 21, 10110, 7, 1,
> 11350, 0, 7, 2, 5, 11451, 1,
> 5, 10500, 5, 10112, 5, 7, 10250,
> 6, 5, 11451, 0, 7, 11451, 0,
> 6, 11350, 0, 7, 2, 5, 11451,
> 1, 5, 10800, 10110, 7, 3, 11350,
> 0, 7, 4, 5, 11451, 1, 5,
> 10500, 5, 10150, 5, 7, 10250, 6,
> 5, 11451, 0, 7, 11451, 0, 6,
> 11350, 0, 7, 4, 5, 11451, 1,
> 5, 10800, 11451, 0, 6, 10100, 5,
> 46, 10250, 6, 5, 11451, 0, 6,
> 10100, 5, -1, 10250, 6, 5, 13200,
> 9, 10, 11453, 1, 11450, 1, 97,
> 9999, 10700, 9999, -77142, 0, 0, 0,
